0.000000 0.000000
1.500000 3.000000
3.000000 5.975500
4.500000 8.926500
6.000000 11.853000
7.500000 14.755000
9.000000 17.632500
10.500000 20.485500
12.000000 23.314000
13.500000 26.118000
15.000000 28.897500
16.500000 31.652500
18.000000 34.383000
19.500000 37.089000
21.000000 39.770500
22.500000 42.427500
24.000000 45.060000
25.500000 47.668000
27.000000 50.251500
28.500000 52.810500
30.000000 55.345000
31.500000 57.855000
33.000000 60.340500
34.500000 62.801500
36.000000 65.238000
37.500000 67.650000
39.000000 70.037500
40.500000 72.400500
42.000000 74.739000
43.500000 77.053000
45.000000 79.342500
46.500000 81.607500
48.000000 83.848000
49.500000 86.064000
51.000000 88.255500
52.500000 90.422500
54.000000 92.565000
55.500000 94.683000
57.000000 96.776500
58.500000 98.845500
60.000000 100.890000
61.500000 102.910000
63.000000 104.905500
64.500000 106.876500
66.000000 108.823000
67.500000 110.745000
69.000000 112.642500
70.500000 114.515500
72.000000 116.364000
73.500000 118.188000
75.000000 119.987500
76.500000 121.762500
78.000000 123.513000
79.500000 125.239000
81.000000 126.940500
82.500000 128.617500
84.000000 130.270000
85.500000 131.898000
87.000000 133.501500
88.500000 135.080500
90.000000 136.635000
91.500000 138.165000
93.000000 139.670500
94.500000 141.151500
96.000000 142.608000
97.500000 144.040000
99.000000 145.447500
100.500000 146.830500
102.000000 148.189000
103.500000 149.523000
105.000000 150.832500
106.500000 152.117500
108.000000 153.378000
109.500000 154.614000
111.000000 155.825500
112.500000 157.012500
114.000000 158.175000
115.500000 159.313000
117.000000 160.426500
118.500000 161.515500
120.000000 162.580000
121.500000 163.620000
123.000000 164.635500
124.500000 165.626500
126.000000 166.593000
127.500000 167.535000
129.000000 168.452500
130.500000 169.345500
132.000000 170.214000
133.500000 171.058000
135.000000 171.877500
136.500000 172.672500
138.000000 173.443000
139.500000 174.189000
141.000000 174.910500
142.500000 175.607500
144.000000 176.280000
145.500000 176.928000
147.000000 177.551500
148.500000 178.150500
150.000000 178.725000
151.500000 179.275000
153.000000 179.800500
154.500000 180.301500
156.000000 180.778000
157.500000 181.230000
159.000000 181.657500
160.500000 182.060500
162.000000 182.439000
163.500000 182.793000
165.000000 183.122500
166.500000 183.427500
168.000000 183.708000
169.500000 183.964000
171.000000 184.195500
172.500000 184.402500
174.000000 184.585000
175.500000 184.743000
177.000000 184.876500
178.500000 184.985500
180.000000 185.070000
181.500000 185.130000
183.000000 185.165500
184.500000 185.176500
186.000000 185.163000
187.500000 185.125000
189.000000 185.062500
190.500000 184.975500
192.000000 184.864000
193.500000 184.728000
195.000000 184.567500
196.500000 184.382500
198.000000 184.173000
199.500000 183.939000
201.000000 183.680500
202.500000 183.397500
204.000000 183.090000
205.500000 182.758000
207.000000 182.401500
208.500000 182.020500
210.000000 181.615000
211.500000 181.185000
213.000000 180.730500
214.500000 180.251500
216.000000 179.748000
217.500000 179.220000
219.000000 178.667500
220.500000 178.090500
222.000000 177.489000
223.500000 176.863000
225.000000 176.212500
226.500000 175.537500
228.000000 174.838000
229.500000 174.114000
231.000000 173.365500
232.500000 172.592500
234.000000 171.795000
235.500000 170.973000
237.000000 170.126500
238.500000 169.255500
240.000000 168.360000
241.500000 167.440000
243.000000 166.495500
244.500000 165.526500
246.000000 164.533000
247.500000 163.515000
249.000000 162.472500
250.500000 161.405500
252.000000 160.314000
253.500000 159.198000
255.000000 158.057500
256.500000 156.892500
258.000000 155.703000
259.500000 154.489000
261.000000 153.250500
262.500000 151.987500
264.000000 150.700000
265.500000 149.388000
267.000000 148.051500
268.500000 146.690500
270.000000 145.305000
271.500000 143.895000
273.000000 142.460500
274.500000 141.001500
276.000000 139.518000
277.500000 138.010000
279.000000 136.477500
280.500000 134.920500
282.000000 133.339000
283.500000 131.733000
285.000000 130.102500
286.500000 128.447500
288.000000 126.768000
289.500000 125.064000
291.000000 123.335500
292.500000 121.582500
294.000000 119.805000
295.500000 118.003000
297.000000 116.176500
298.500000 114.325500
